{"model":{"version":3,"nodes":[{"name":"RootNode","position":[0,0,0],"rotation":[0,0,0],"scale":[0.01,0.01,0.01],"scaleCompensation":false},{"name":"Group1","position":[0,0,0],"rotation":[0,0,0],"scale":[1,1,1],"scaleCompensation":false},{"name":"mixamorig:Hips","position":[0,11.7216,0.118395],"rotation":[0,0,0],"scale":[1,1,1],"scaleCompensation":false},{"name":"mixamorig:Spine","position":[0,1.10028,-0.171847],"rotation":[-8.87707,-0.000252453,0.00811688],"scale":[1,1,1],"scaleCompensation":false},{"name":"mixamorig:Spine1","position":[0,1.29922,-5.88539e-10],"rotation":[0,0,0],"scale":[1,1,1],"scaleCompensation":false},{"name":"mixamorig:Spine2","position":[0,1.48482,-9.19086e-09],"rotation":[0,0,0],"scale":[1,1,1],"scaleCompensation":false},{"name":"mixamorig:Neck","position":[0,1.67042,1.07464e-07],"rotation":[8.87705,-8.06222e-13,-2.64969e-11],"scale":[1,1,1],"scaleCompensation":false},{"name":"mixamorig:Head","position":[0,0.956688,0.33709],"rotation":[0,0,0],"scale":[1,1,1],"scaleCompensation":false},{"name":"mixamorig:HeadTop_End","position":[0,2.35221,0.828804],"rotation":[0,0,0],"scale":[1,1,1],"scaleCompensation":false},{"name":"mixamorig:LeftShoulder","position":[0.700578,1.40236,-0.0393791],"rotation":[118.501,91.4221,19.2491],"scale":[1,1,1],"scaleCompensation":false},{"name":"mixamorig:LeftArm","position":[-4.1413e-09,1.50128,-2.42398e-08],"rotation":[-9.57451,15.0253,-1.14362],"scale":[1,1,1],"scaleCompensation":false},{"name":"mixamorig:LeftForeArm","position":[-5.2144e-09,3.06398,2.63609e-08],"rotation":[1.91651e-05,-0.190372,2.2208e-06],"scale":[1,1,1],"scaleCompensation":false},{"name":"mixamorig:LeftHand","position":[-8.25473e-09,2.58227,3.40961e-08],"rotation":[1.23525,-7.04292,-4.64798],"scale":[1,1,1],"scaleCompensation":false},{"name":"mixamorig:LeftHandThumb1","position":[-0.395307,0.507784,0.189213],"rotation":[26.6762,2.76698,26.7663],"scale":[1,1,1],"scaleCompensation":false},{"name":"mixamorig:LeftHandThumb2","position":[-0.0696491,0.532065,8.5735e-10],"rotation":[-0.00650219,-0.0758823,12.3509],"scale":[1,1,1],"scaleCompensation":false},{"name":"mixamorig:LeftHandThumb3","position":[0.0426986,0.498199,3.88452e-09],"rotation":[-0.0448046,-0.700802,-1.23677],"scale":[1,1,1],"scaleCompensation":false},{"name":"mixamorig:LeftHandThumb4","position":[0.0269505,0.421858,5.16974e-09],"rotation":[0,0,0],"scale":[1,1,1],"scaleCompensation":false},{"name":"mixamorig:LeftHandIndex1","position":[-0.415268,1.29478,-0.020124],"rotation":[-0.658584,0.773782,4.85551],"scale":[1,1,1],"scaleCompensation":false},{"name":"mixamorig:LeftHandIndex2","position":[0.00185777,0.433318,-3.73934e-09],"rotation":[0.000280157,-0.0267374,-0.894042],"scale":[1,1,1],"scaleCompensation":false},{"name":"mixamorig:LeftHandIndex3","position":[-0.00462813,0.410033,2.8548e-10],"rotation":[0.000159509,0.0153781,1.1009],"scale":[1,1,1],"scaleCompensation":false},{"name":"mixamorig:LeftHandIndex4","position":[0.00277037,0.350172,-1.77217e-09],"rotation":[0,0,0],"scale":[1,1,1],"scaleCompensation":false},{"name":"mixamorig:LeftHandMiddle1","position":[-0.108593,1.34593,-0.0155627],"rotation":[-0.661832,0.0128672,5.1725],"scale":[1,1,1],"scaleCompensation":false},{"name":"mixamorig:LeftHandMiddle2","position":[0.00422435,0.430131,2.16711e-08],"rotation":[-7.62273e-05,0.00806091,-1.04779],"scale":[1,1,1],"scaleCompensation":false},{"name":"mixamorig:LeftHandMiddle3","position":[-0.00360279,0.422365,-3.1366e-09],"rotation":[-7.77784e-05,0.0276212,0.394478],"scale":[1,1,1],"scaleCompensation":false},{"name":"mixamorig:LeftHandMiddle4","position":[-0.000621562,0.366366,4.6226e-09],"rotation":[0,0,0],"scale":[1,1,1],"scaleCompensation":false},{"name":"mixamorig:LeftHandRing1","position":[0.124227,1.33876,-0.0307629],"rotation":[-0.66379,-0.324751,4.94893],"scale":[1,1,1],"scaleCompensation":false},{"name":"mixamorig:LeftHandRing2","position":[0.00230724,0.396866,5.46532e-09],"rotation":[-6.33538e-05,0.0119638,-0.596189],"scale":[1,1,1],"scaleCompensation":false},{"name":"mixamorig:LeftHandRing3","position":[-0.00170081,0.368663,1.27789e-09],"rotation":[-1.9127e-06,0.0156843,0.154998],"scale":[1,1,1],"scaleCompensation":false},{"name":"mixamorig:LeftHandRing4","position":[-0.000606441,0.314932,2.09514e-10],"rotation":[0,0,0],"scale":[1,1,1],"scaleCompensation":false},{"name":"mixamorig:LeftHandPinky1","position":[0.399634,1.2542,-0.0391499],"rotation":[-0.670705,-4.13869,4.75859],"scale":[1,1,1],"scaleCompensation":false},{"name":"mixamorig:LeftHandPinky2","position":[0.000630941,0.353267,-5.29476e-10],"rotation":[3.54324e-05,0.0144029,-0.0973029],"scale":[1,1,1],"scaleCompensation":false},{"name":"mixamorig:LeftHandPinky3","position":[-1.25199e-05,0.280923,7.18896e-09],"rotation":[-6.83026e-05,0.00954272,-0.152448],"scale":[1,1,1],"scaleCompensation":false},{"name":"mixamorig:LeftHandPinky4","position":[-0.000618432,0.2255,-3.26132e-09],"rotation":[0,0,0],"scale":[1,1,1],"scaleCompensation":false},{"name":"mixamorig:RightShoulder","position":[-0.700578,1.40312,-0.0442381],"rotation":[116.757,-91.8148,-17.5679],"scale":[1,1,1],"scaleCompensation":false},{"name":"mixamorig:RightArm","position":[4.14878e-09,1.50128,-2.42383e-08],"rotation":[-9.46731,-14.1739,0.585637],"scale":[1,1,1],"scaleCompensation":false},{"name":"mixamorig:RightForeArm","position":[-7.67708e-09,3.06286,-2.11376e-08],"rotation":[-3.49196e-05,0.162328,4.07644e-05],"scale":[1,1,1],"scaleCompensation":false},{"name":"mixamorig:RightHand","position":[-1.53537e-08,2.58338,2.94828e-08],"rotation":[1.24897,5.18031,4.56259],"scale":[1,1,1],"scaleCompensation":false},{"name":"mixamorig:RightHandThumb1","position":[0.393682,0.504074,0.178023],"rotation":[26.0984,-2.73247,-26.8431],"scale":[1,1,1],"scaleCompensation":false},{"name":"mixamorig:RightHandThumb2","position":[0.070493,0.526424,-3.58497e-10],"rotation":[-0.0108502,0.143574,-11.9677],"scale":[1,1,1],"scaleCompensation":false},{"name":"mixamorig:RightHandThumb3","position":[-0.0387559,0.511265,-3.06787e-09],"rotation":[-0.0519319,0.69246,0.047409],"scale":[1,1,1],"scaleCompensation":false},{"name":"mixamorig:RightHandThumb4","position":[-0.0317371,0.422379,6.06644e-09],"rotation":[0,0,0],"scale":[1,1,1],"scaleCompensation":false},{"name":"mixamorig:RightHandIndex1","position":[0.409007,1.27638,-0.0108857],"rotation":[-0.829365,-0.531338,-4.9917],"scale":[1,1,1],"scaleCompensation":false},{"name":"mixamorig:RightHandIndex2","position":[-0.00332079,0.415577,-1.86256e-09],"rotation":[0.000153491,0.0100761,1.02287],"scale":[1,1,1],"scaleCompensation":false},{"name":"mixamorig:RightHandIndex3","position":[0.00417229,0.423692,-5.75529e-10],"rotation":[9.74345e-05,-0.0227403,-0.725331],"scale":[1,1,1],"scaleCompensation":false},{"name":"mixamorig:RightHandIndex4","position":[-0.000851478,0.327589,5.98899e-10],"rotation":[0,0,0],"scale":[1,1,1],"scaleCompensation":false},{"name":"mixamorig:RightHandMiddle1","position":[0.120914,1.52113,-0.0222306],"rotation":[-0.833719,0.0323316,-4.87367],"scale":[1,1,1],"scaleCompensation":false},{"name":"mixamorig:RightHandMiddle2","position":[-0.00217922,0.383427,-7.2978e-09],"rotation":[9.01836e-05,0.00857094,0.754801],"scale":[1,1,1],"scaleCompensation":false},{"name":"mixamorig:RightHandMiddle3","position":[0.00269178,0.363107,-3.91281e-10],"rotation":[6.20189e-05,-0.020582,-0.516634],"scale":[1,1,1],"scaleCompensation":false},{"name":"mixamorig:RightHandMiddle4","position":[-0.000512561,0.316167,2.58203e-10],"rotation":[0,0,0],"scale":[1,1,1],"scaleCompensation":false},{"name":"mixamorig:RightHandRing1","position":[-0.161319,1.46497,-0.0335528],"rotation":[-0.836887,0.51212,-4.92597],"scale":[1,1,1],"scaleCompensation":false},{"name":"mixamorig:RightHandRing2","position":[-0.00227924,0.352282,-4.81445e-09],"rotation":[8.88108e-05,0.0128756,0.82862],"scale":[1,1,1],"scaleCompensation":false},{"name":"mixamorig:RightHandRing3","position":[0.00256022,0.327747,-5.32003e-10],"rotation":[6.52342e-05,-0.0418338,-0.517725],"scale":[1,1,1],"scaleCompensation":false},{"name":"mixamorig:RightHandRing4","position":[-0.000280979,0.272242,-2.81065e-10],"rotation":[0,0,0],"scale":[1,1,1],"scaleCompensation":false},{"name":"mixamorig:RightHandPinky1","position":[-0.368602,1.22247,-0.0152629],"rotation":[-0.840774,2.77893,-4.7142],"scale":[1,1,1],"scaleCompensation":false},{"name":"mixamorig:RightHandPinky2","position":[-0.000762712,0.355042,3.50933e-09],"rotation":[4.83249e-05,-0.0498157,0.0363162],"scale":[1,1,1],"scaleCompensation":false},{"name":"mixamorig:RightHandPinky3","position":[-0.000518,0.308661,-8.85161e-09],"rotation":[-0.000262556,-0.0391891,0.400326],"scale":[1,1,1],"scaleCompensation":false},{"name":"mixamorig:RightHandPinky4","position":[0.00128071,0.242189,2.89801e-10],"rotation":[0,0,0],"scale":[1,1,1],"scaleCompensation":false},{"name":"mixamorig:LeftUpLeg","position":[1.02053,-0.611127,-0.136568],"rotation":[-0.868306,0.251526,-177.75],"scale":[1,1,1],"scaleCompensation":false},{"name":"mixamorig:LeftLeg","position":[1.72241e-08,5.17491,1.14738e-08],"rotation":[-1.92661,-0.0829222,-4.69133],"scale":[1,1,1],"scaleCompensation":false},{"name":"mixamorig:LeftFoot","position":[-1.20742e-09,4.76385,-2.39252e-08],"rotation":[57.2211,4.21457,4.22644],"scale":[1,1,1],"scaleCompensation":false},{"name":"mixamorig:LeftToeBase","position":[2.20893e-09,2.09834,-7.31105e-08],"rotation":[34.6142,-2.16495,1.83404e-07],"scale":[1,1,1],"scaleCompensation":false},{"name":"mixamorig:LeftToe_End","position":[4.26172e-11,0.812124,-5.7642e-10],"rotation":[0,0,0],"scale":[1,1,1],"scaleCompensation":false},{"name":"mixamorig:RightUpLeg","position":[-1.02053,-0.611127,-0.142899],"rotation":[-0.44629,-0.23843,177.764],"scale":[1,1,1],"scaleCompensation":false},{"name":"mixamorig:RightLeg","position":[1.7158e-08,5.17515,5.84766e-09],"rotation":[-2.73096,0.102991,4.69281],"scale":[1,1,1],"scaleCompensation":false},{"name":"mixamorig:RightFoot","position":[1.83098e-08,4.7654,-3.05403e-08],"rotation":[58.0175,-4.10862,-4.24025],"scale":[1,1,1],"scaleCompensation":false},{"name":"mixamorig:RightToeBase","position":[-3.72746e-09,2.11992,-2.3862e-08],"rotation":[34.1941,2.03943,9.78931e-08],"scale":[1,1,1],"scaleCompensation":false},{"name":"mixamorig:RightToe_End","position":[1.42886e-09,0.810314,-4.83887e-10],"rotation":[0,0,0],"scale":[1,1,1],"scaleCompensation":false}],"parents":[-1,0,0,2,3,4,5,6,7,5,9,10,11,12,13,14,15,12,17,18,19,12,21,22,23,12,25,26,27,12,29,30,31,5,33,34,35,36,37,38,39,36,41,42,43,36,45,46,47,36,49,50,51,36,53,54,55,2,57,58,59,60,2,62,63,64,65],"skins":[{"inverseBindMatrices":[[1,-0,-0,0,-0,0.988022,0.154315,0,0,-0.154315,0.988022,0,-0,-15.4606,-1.92579,1],[-0.0625757,-0.933753,0.352406,0,0.154232,-0.357903,-0.920933,0,0.986051,-0.00327579,0.166411,0,-1.92546,5.41059,15.9823,1],[0.034368,-0.523499,0.851333,0,-0.0987671,-0.849445,-0.518351,0,0.994517,-0.066269,-0.0808982,0,2.43761,12.7932,10.2379,1],[1,-0,-0,0,-0,0.988022,0.154315,0,0,-0.154315,0.988022,0,-0,-13.9757,-1.92579,1],[1,-0,-0,0,-0,0.988022,0.154315,0,0,-0.154315,0.988022,0,-0,-12.6765,-1.92579,1],[1,-0,0,0,0,1,-0,0,0,0,1,0,-0,-11.7216,-0.118395,1],[1,-0,0,0,0,1,-3.08149e-33,0,0,3.08149e-33,1,0,-0,-17.223,0.740841,1],[1,-0,0,0,0,1,-3.08149e-33,0,0,3.08149e-33,1,0,-0,-18.1797,0.403752,1],[0.148786,-0.52456,0.838272,0,0.0906825,-0.836898,-0.539795,0,0.984703,0.15633,-0.0769499,0,0.235412,9.76486,10.4895,1],[-0.0556794,0.933753,-0.35356,0,-0.154294,-0.357903,-0.920923,0,-0.986455,0.00327575,0.164,0,1.92622,5.41543,15.9803,1],[0.0465409,0.523307,-0.850872,0,0.112338,-0.849134,-0.516093,0,-0.992579,-0.0715663,-0.0983069,0,-2.66987,12.7856,10.1883,1],[-0.993301,-0.115556,-9.39336e-11,0,0.11541,-0.99204,-0.0503645,0,0.00581993,-0.0500271,0.998731,0,-2.29581,10.9029,0.584046,1],[-0.9933,0.115562,-1.58781e-10,0,-0.115421,-0.992087,-0.049401,0,-0.00570887,-0.04907,0.998779,0,2.29597,10.9037,0.567018,1],[0.0601322,-0.351886,0.934109,0,0.00501708,-0.935684,-0.352802,0,0.998178,0.0259013,-0.0544993,0,0.792204,9.13494,8.80813,1],[0.0350016,-0.220552,0.974747,0,-0.0614158,-0.973976,-0.218173,0,0.997498,-0.0522285,-0.0476361,0,1.49558,8.74956,7.68905,1],[-0.0579771,-0.113222,0.991877,0,-0.300565,-0.945469,-0.125493,0,0.951997,-0.305399,0.020785,0,3.67906,9.04208,6.81999,1],[-0.0579771,0.321614,0.945094,0,-0.300565,-0.908385,0.290684,0,0.951997,-0.267209,0.149332,0,3.67983,10.7686,2.45234,1],[-0.0579771,-0.0330379,0.997771,0,-0.300565,-0.952501,-0.0490038,0,0.951997,-0.302736,0.0452933,0,3.68034,8.91892,5.98977,1],[0.0350016,0.0941508,0.994942,0,-0.0614158,-0.993468,0.0961719,0,0.997498,-0.0644714,-0.0289906,0,1.49785,10.3751,4.68973,1],[0.0794977,-0.258256,0.9628,0,0.056748,-0.963118,-0.263027,0,0.995218,0.075547,-0.0619101,0,0.249258,8.43902,8.0695,1],[0.120339,-0.154578,0.980624,0,0.167464,-0.970486,-0.17353,0,0.978506,0.185102,-0.0909009,0,-0.987616,9.3238,7.19516,1],[0.22836,-0.0114478,0.97351,0,0.473189,-0.872576,-0.121258,0,0.850849,0.488344,-0.193844,0,-3.97982,9.71768,6.23355,1],[0.0794977,-0.0859913,0.993119,0,0.056748,-0.994266,-0.0906333,0,0.995218,0.0635627,-0.074162,0,0.251437,9.34207,6.53722,1],[0.0794977,-0.206718,0.975166,0,0.056748,-0.975737,-0.211465,0,0.995218,0.0721497,-0.065838,0,0.248745,8.11273,7.58555,1],[0.120339,0.0212687,0.992505,0,0.167464,-0.985878,0.000822066,0,0.978506,0.16611,-0.122201,0,-0.984296,10.0402,5.50647,1],[0.0350016,-0.118205,0.992372,0,-0.0614158,-0.991358,-0.115918,0,0.997498,-0.05689,-0.0419588,0,1.49529,8.82954,6.70683,1],[0.22836,0.0732248,0.970819,0,0.473189,-0.879814,-0.0449445,0,0.850849,0.469644,-0.235563,0,-4.05031,9.69836,5.41094,1],[0.22836,-0.0830677,0.970027,0,0.473189,-0.861285,-0.185152,0,0.850849,0.501287,-0.157376,0,-4.01155,8.20286,6.81132,1],[0.120339,-0.0884216,0.988787,0,0.167464,-0.979944,-0.108012,0,0.978506,0.178584,-0.103118,0,-0.988468,8.94989,6.53436,1],[-0.996635,0.0475553,0.0667558,0,0.0270941,-0.577529,0.815921,0,0.0773547,0.814984,0.574297,0,-1.75311,1.36673,-0.484445,1],[-0.999426,-0.0338516,-0.0012593,0,0.033832,-0.995595,-0.0874361,0,0.0017061,-0.0874285,0.996169,0,-1.81934,5.87061,0.80284,1],[-0.99838,0.056895,-0.000881115,0,-0.00195942,-0.0188996,0.999819,0,0.0568681,0.998201,0.0189805,0,-1.73476,-0.930138,-0.0287634,1],[0.161661,0.524786,-0.835743,0,-0.0791552,-0.837258,-0.541049,0,-0.983667,0.15362,-0.0938122,0,-0.442893,9.76665,10.4812,1],[0.0547061,0.351601,-0.93455,0,-0.0119294,-0.935655,-0.352715,0,-0.998431,0.0304443,-0.0469916,0,-0.693058,9.13879,8.81305,1],[0.00721833,0.292524,-0.956231,0,0.113242,-0.950343,-0.289868,0,-0.993541,-0.106193,-0.0399859,0,-1.85254,8.19464,8.31488,1],[-0.0521686,-0.0217315,-0.998402,0,0.266449,-0.963823,0.00705633,0,-0.962436,-0.265655,0.0560716,0,-3.38471,9.98491,5.52879,1],[-0.0521686,-0.309882,-0.949343,0,0.266449,-0.920495,0.285823,0,-0.962436,-0.23804,0.130588,0,-3.38534,10.8199,2.50318,1],[-0.0521686,-0.18896,-0.980598,0,0.266449,-0.948972,0.16869,0,-0.962436,-0.252479,0.0998547,0,-3.38533,10.1441,3.79909,1],[0.0784873,0.335511,-0.938761,0,-0.0755235,-0.936959,-0.341182,0,-0.99405,0.0976769,-0.0482003,0,-0.0532213,7.92289,8.73153,1],[0.00721833,-0.0523734,-0.998601,0,0.113242,-0.992161,0.0528542,0,-0.993541,-0.113465,-0.00123087,0,-1.85485,10.1724,5.14434,1],[0.122151,0.108733,-0.986537,0,-0.19397,-0.972199,-0.13117,0,-0.973373,0.207382,-0.0976645,0,1.25558,9.58259,6.79912,1],[0.0784873,0.117028,-0.990022,0,-0.0755235,-0.989534,-0.122958,0,-0.99405,0.0844206,-0.0688275,0,-0.0574456,9.25598,6.83431,1],[0.00721833,0.0315103,-0.999477,0,0.113242,-0.993099,-0.0304914,0,-0.993541,-0.112963,-0.0107368,0,-1.85315,9.33809,5.94796,1],[0.0784873,0.210238,-0.974495,0,-0.0755235,-0.973447,-0.216095,0,-0.99405,0.0905579,-0.0605253,0,-0.0538428,8.14686,7.63998,1],[0.122151,-0.0263103,-0.992163,0,-0.19397,-0.981005,0.00213345,0,-0.973373,0.19219,-0.124935,0,1.25372,9.98819,5.49302,1],[0.122151,0.138084,-0.982859,0,-0.19397,-0.967858,-0.160083,0,-0.973373,0.2102,-0.0914411,0,1.25835,8.5382,7.00096,1],[0.223783,-0.000652533,-0.974639,0,-0.479915,-0.870441,-0.109608,0,-0.848294,0.492272,-0.195103,0,4.07429,9.75344,6.10114,1],[0.223783,-0.0584127,-0.972887,0,-0.479915,-0.875407,-0.0578296,0,-0.848294,0.479844,-0.223934,0,4.14394,9.56675,5.54392,1],[0.223783,0.101057,-0.969386,0,-0.479915,-0.854251,-0.199843,0,-0.848294,0.509944,-0.142668,0,4.10124,8.04283,6.94885,1],[-0.999426,0.0338626,0.00116264,0,-0.0338412,-0.995923,-0.0836241,0,-0.00167383,-0.0836155,0.996497,0,1.81942,5.87457,0.76905,1],[-0.996526,-0.0480441,-0.0680227,0,-0.027277,-0.583449,0.811692,0,-0.0786848,0.810728,0.580112,0,1.75454,1.34791,-0.490069,1],[-0.998385,-0.0567684,0.00233084,0,0.00340538,-0.0188392,0.999817,0,-0.056714,0.99821,0.0190021,0,1.73478,-0.933434,-0.0313047,1]],"boneNames":["mixamorig:Spine2","mixamorig:RightShoulder","mixamorig:RightArm","mixamorig:Spine1","mixamorig:Spine","mixamorig:Hips","mixamorig:Neck","mixamorig:Head","mixamorig:RightForeArm","mixamorig:LeftShoulder","mixamorig:LeftArm","mixamorig:RightUpLeg","mixamorig:LeftUpLeg","mixamorig:RightHand","mixamorig:RightHandRing1","mixamorig:RightHandPinky1","mixamorig:RightHandPinky2","mixamorig:RightHandPinky3","mixamorig:RightHandRing2","mixamorig:RightHandMiddle1","mixamorig:RightHandIndex1","mixamorig:RightHandThumb1","mixamorig:RightHandMiddle2","mixamorig:RightHandMiddle3","mixamorig:RightHandIndex2","mixamorig:RightHandRing3","mixamorig:RightHandThumb2","mixamorig:RightHandThumb3","mixamorig:RightHandIndex3","mixamorig:RightFoot","mixamorig:RightLeg","mixamorig:RightToeBase","mixamorig:LeftForeArm","mixamorig:LeftHand","mixamorig:LeftHandRing1","mixamorig:LeftHandPinky1","mixamorig:LeftHandPinky2","mixamorig:LeftHandPinky3","mixamorig:LeftHandMiddle1","mixamorig:LeftHandRing2","mixamorig:LeftHandIndex1","mixamorig:LeftHandMiddle2","mixamorig:LeftHandRing3","mixamorig:LeftHandMiddle3","mixamorig:LeftHandIndex2","mixamorig:LeftHandIndex3","mixamorig:LeftHandThumb1","mixamorig:LeftHandThumb2","mixamorig:LeftHandThumb3","mixamorig:LeftLeg","mixamorig:LeftFoot","mixamorig:LeftToeBase"]}],"morphs":[],"vertices":[{"position":{"type":"float32","components":3,"data":[-1.3688,15.2156,-1.6669,-1.3143,15.0686,-1.6458,-1.4575,15.1137,-1.5916,-1.2726,15.1795,-1.6948,-1.3174,15.2749,-1.7054,-1.2444,15.2717,-1.7287,-1.3357,15.3383,-1.7143,-1.4216,15.2928,-1.6688,-1.3563,15.4239,-1.7266,-1.4552,15.3808,-1.681,-1.4795,15.4726,-1.6963,-1.3765,15.5177,-1.7395,-1.243,15.361,-1.7484,-1.2527,15.4569,-1.7631,-1.1413,15.4855,-1.7934,-1.2678,15.5576,-1.7749,-1.1531,15.5951,-1.804,-1.2865,15.6606,-1.7833,-1.1706,15.7067,-1.8097,-1.1937,15.8188,-1.8093,-1.3089,15.7632,-1.7869,-1.3359,15.8628,-1.7841,-1.2229,15.9295,-1.8015,-1.0497,15.7536,-1.8306,-1.073,15.8763,-1.8264,-1.1032,15.9986,-1.8132,-1.3694,15.9569,-1.7735,-1.4683,15.8806,-1.7558,-1.4398,15.7992,-1.7614,-1.417,15.7091,-1.759,-1.2595,16.0366,-1.7852,-1.3964,15.614,-1.7509,-1.5151,15.6564,-1.7244,-1.4989,15.5654,-1.7114,-1.0225,15.513,-1.8183,-1.0328,15.6323,-1.8275,-1.0193,15.3957,-1.804,-0.896,15.4126,-1.8217,-0.899,15.5393,-1.8359,-1.1364,15.3785,-1.7784,-1.1414,15.2729,-1.7575,-1.024,15.2784,-1.7837,-0.9002,15.2863,-1.8014,-0.7755,15.5626,-1.8415,-0.9088,15.668,-1.8447,-0.7844,15.6998,-1.8514,-0.7727,15.428,-1.8264,-1.1592,15.1638,-1.7283,-1.054,15.0343,-1.723,-1.1837,15.0454,-1.6907,-1.0367,15.1587,-1.7567,-0.9252,15.0296,-1.7427,-0.9107,15.159,-1.7749,-1.2035,14.9172,-1.6481,-1.3371,14.9358,-1.5973,-1.0713,14.905,-1.6837,-1.5797,15.4257,-1.6452,-1.555,15.3324,-1.6248,-1.5186,15.2338,-1.6058,-1.6538,15.2911,-1.56,-1.628,15.1946,-1.5313,-1.7451,15.2602,-1.4911,-1.7275,15.17,-1.4546,-1.814,15.1597,-1.3777,-1.8251,15.242,-1.4221,-1.8912,15.2402,-1.357,-1.8856,15.1656,-1.3023,-1.9435,15.1866,-1.2302,-1.8796,15.0843,-1.2453,-1.9421,15.1078,-1.1611,-1.8036,15.0718,-1.3294,-1.944,15.2571,-1.2981,-1.8359,15.3189,-1.4595,-1.7619,15.3472,-1.5228,-1.8934,15.3076,-1.4046,-1.7116,15.0727,-1.4138,-1.7966,14.9764,-1.2794,-1.7036,14.9666,-1.3677,-1.6007,15.0864,-1.4988,-1.5944,14.9631,-1.4526,-1.6749,15.3832,-1.5864,-1.6902,15.4767,-1.6107,-1.5964,15.5187,-1.665,-1.7781,15.437,-1.5482,-1.6956,15.5766,-1.6348,-1.6059,15.6112,-1.684,-1.7966,15.5458,-1.5685,-1.4689,14.9588,-1.5327,-1.5948,14.8368,-1.4049,-1.4772,14.8209,-1.4829,-1.5979,14.7089,-1.3566,-1.4849,14.6872,-1.4367,-1.4905,14.5552,-1.3867,-1.3611,14.6682,-1.5018,-1.3685,14.535,-1.4502,-1.3514,14.8015,-1.5508,-1.2188,14.7852,-1.6023,-1.2311,14.652,-1.554,-1.1008,14.6392,-1.5922,-1.0871,14.7727,-1.6404,-1.2406,14.5183,-1.5012,-1.1122,14.5056,-1.5366,-1.1207,14.3718,-1.4752,-0.9853,14.4967,-1.5565,-0.9956,14.3625,-1.4945,-0.8733,14.3568,-1.5002,-0.8617,14.491,-1.5623,-0.9724,14.6306,-1.6123,-0.8477,14.6254,-1.618,-1.247,14.3848,-1.4414,-1.2503,14.2496,-1.377,-1.1262,14.2366,-1.4092,-1.0029,14.2275,-1.4278,-1.3724,14.4017,-1.3929,-1.4912,14.2888,-1.2695,-1.373,14.2669,-1.3309,-1.4924,14.423,-1.3298,-1.6024,14.4485,-1.2534,-1.6009,14.5806,-1.3052,-1.5994,14.3153,-1.1942,-1.4851,14.1517,-1.206,-1.3706,14.1289,-1.2661,-1.2508,14.1114,-1.3114,-0.9574,14.7644,-1.6622,-0.9414,14.8978,-1.7051,-0.8318,14.7599,-1.668,-0.8152,14.8943,-1.712,-0.7117,14.7584,-1.6607,-0.6947,14.8938,-1.7051,-0.7994,15.0285,-1.7487,-0.6783,15.0297,-1.7434,-0.7281,14.6234,-1.6105,-0.6148,14.6243,-1.5925,-0.5984,14.7597,-1.6427,-0.5813,14.8957,-1.6877,-1.7006,14.6064,-1.2194,-1.7003,14.7319,-1.2707,-1.7001,14.4776,-1.1655,-1.7883,14.6355,-1.127,-1.785,14.5081,-1.0724,-1.7905,14.758,-1.1789,-1.8669,14.7863,-1.083,-1.8624,14.6674,-1.0298,-1.8564,14.5416,-0.9744,-1.9222,14.7005,-0.9301,-1.9133,14.578,-0.8736,-1.8474,14.4119,-0.9156,-1.9007,14.4503,-0.8138,-1.8303,14.2811,-0.8515,-1.8799,14.3214,-0.749,-1.7785,14.3775,-1.014,-1.7658,14.2447,-0.9515,-1.9675,14.7348,-0.8296,-1.9549,14.6169,-0.7722,-1.9386,14.4936,-0.7116,-1.929,14.8154,-0.9849,-1.9345,14.9215,-1.0401,-1.9861,14.95,-0.9415,-1.9778,14.8458,-0.8853,-2.0133,14.8777,-0.7844,-1.9984,14.7707,-0.7295,-2.0257,14.9797,-0.8387,-1.8706,14.8955,-1.1357,-1.8745,14.9945,-1.1895,-1.9389,15.0189,-1.098,-1.9926,15.0483,-1.0019,-1.7007,14.853,-1.3197,-1.7928,14.8723,-1.2293,-1.6953,14.3457,-1.1071,-1.6864,14.2105,-1.0464,-1.6706,14.0738,-0.9821,-1.7471,14.1105,-0.8865,-1.6524,13.9363,-0.9159,-1.7237,13.9769,-0.8185,-1.8063,14.1506,-0.7838,-1.7781,14.0212,-0.7137,-1.5527,13.762,-0.9381,-1.6355,13.8007,-0.8482,-1.5665,13.8995,-1.0037,-1.5795,14.0402,-1.0679,-1.702,13.8461,-0.7479,-1.5919,14.1792,-1.1321,-1.4773,14.0108,-1.1422,-2.0469,15.1891,-0.9663,-2.0764,15.2742,-0.9492,-2.0337,15.2621,-1.0977,-2.0626,15.3165,-1.0653,-2.0934,15.3313,-0.9395,-2.0823,15.3635,-1.0469,-2.0508,15.3689,-1.1676,-2.0226,15.3262,-1.1991,-2.0386,15.4287,-1.2594,-2.011,15.3899,-1.2872,-1.978,15.3528,-1.3223,-1.9865,15.2877,-1.2448,-1.9562,15.422,-1.3952,-1.9922,15.4596,-1.3678,-1.9383,15.3232,-1.3618,-1.8912,15.3587,-1.4376,-1.9194,15.3865,-1.4212,-1.8488,15.3891,-1.4842,-1.8747,15.4525,-1.4864,-1.9175,15.5002,-1.4664,-1.864,15.596,-1.5366,-1.9925,15.2189,-1.1609,-1.9965,15.1412,-1.0723,-2.0361,15.0799,-0.8961,-1.9589,15.5415,-1.442,-2.0232,15.4969,-1.3434,-1.9949,15.5794,-1.4191,-2.0612,15.4652,-1.2388,-2.0488,15.5318,-1.3237,-2.0718,15.4088,-1.1468,-2.0795,15.4971,-1.2242,-2.0704,15.5625,-1.3086,-2.0257,15.6136,-1.3995,-2.0524,15.6434,-1.384,-2.0877,15.4428,-1.1332,-2.0953,15.523,-1.2143,-2.0895,15.588,-1.2978,-2.1004,15.4696,-1.1248,-1.9148,15.6376,-1.5097,-1.9568,15.6751,-1.4863,-1.9929,15.7085,-1.4665,-1.9499,15.8165,-1.5236,-1.9086,15.7841,-1.5434,-2.0251,15.7373,-1.4506,-1.988,15.844,-1.5077,-1.8535,15.9044,-1.5893,-1.8042,15.8683,-1.6127,-1.8625,15.7484,-1.5671,-1.9,15.9364,-1.5696,-1.8099,15.712,-1.5945,-1.6966,15.797,-1.6669,-1.748,15.6817,-1.6266,-1.7517,15.8309,-1.6389,-1.5856,15.8604,-1.7197,-1.6428,15.7737,-1.6944,-1.6331,15.9062,-1.6974,-1.6853,15.9514,-1.6718,-1.676,15.6809,-1.667,-2.0957,15.4009,-1.036,-2.1055,15.4289,-1.0296,-2.1138,15.4475,-1.0265,-2.1119,15.4884,-1.1202,-2.1157,15.4201,-0.9286,-2.1211,15.4282,-0.9285,-2.1221,15.4568,-1.0259,-2.1165,15.4069,-0.8276,-2.1197,15.4138,-0.828,-2.1276,15.4263,-0.9299,-2.1315,15.4566,-1.0277,-2.1236,15.4988,-1.1191,-2.1364,15.5006,-1.1214,-2.1359,15.4148,-0.9325,-2.1424,15.4472,-1.0317,-2.1244,15.4102,-0.8288,-2.1313,15.3968,-0.8302,-2.1104,15.4017,-0.9301,-2.1137,15.3889,-0.8276,-2.1135,15.3903,-0.7236,-2.1149,15.4075,-0.7246,-2.1099,15.3596,-0.8279,-2.1118,15.3614,-0.7219,-2.1037,15.3725,-0.9335,-2.1171,15.4132,-0.7251,-2.1213,15.4081,-0.7254,-2.1182,15.419,-0.6204,-2.113,15.4256,-0.6207,-2.1101,15.4208,-0.6203,-2.1035,15.3179,-0.828,-2.1083,15.3206,-0.7184,-2.1075,15.3756,-0.6171,-2.1054,15.3359,-0.6125,-2.0942,15.3597,-0.5109,-2.0963,15.3991,-0.514,-2.1086,15.4041,-0.6192,-2.0986,15.428,-0.5147,-2.0792,15.4283,-0.4127,-2.0757,15.388,-0.4138,-2.0718,15.3398,-0.4098,-2.0905,15.3104,-0.5034,-2.101,15.2848,-0.6037,-2.1019,15.2672,-0.7109,-2.0922,15.2007,-0.6954,-2.0936,15.2228,-0.5881,-2.0779,15.1881,-0.8164,-2.0929,15.2617,-0.8261,-2.0656,15.1001,-0.7778,-2.0805,15.1228,-0.6665,-2.0524,15.0076,-0.7323,-2.0659,15.0375,-0.629,-2.0825,15.151,-0.5638,-2.0672,15.0713,-0.5315,-2.0736,15.1841,-0.4693,-2.0583,15.1094,-0.4412,-2.0561,15.2202,-0.3829,-2.0415,15.1502,-0.3586,-2.0198,15.191,-0.2849,-2.033,15.2555,-0.3051,-2.0416,15.3147,-0.3176,-2.0076,15.2856,-0.2366,-2.0147,15.3397,-0.244,-2.0658,15.2837,-0.3997,-2.084,15.2516,-0.4899,-2.0473,15.3682,-0.3233,-2.0257,15.4372,-0.2384,-2.052,15.4158,-0.3222,-2.0201,15.3902,-0.2448,-1.9997,15.4462,-0.1666,-1.9926,15.401,-0.1746,-1.9876,15.3534,-0.1789,-2.0332,15.4829,-0.2203,-2.0576,15.4585,-0.3136,-1.9828,15.3051,-0.1781,-1.9604,15.3077,-0.1292,-1.9617,15.351,-0.1202,-1.9383,15.2843,-0.0843,-1.9358,15.3283,-0.0645,-1.9603,15.2736,-0.1352,-1.9455,15.244,-0.1079,-1.9753,15.2573,-0.1694,-1.9966,15.2281,-0.2211,-1.9601,15.2075,-0.1449,-1.9796,15.1668,-0.1949,-2.0011,15.1218,-0.256,-2.0215,15.0749,-0.3266,-2.0377,15.0289,-0.4057,-1.996,14.9959,-0.2868,-2.0119,14.9444,-0.3632,-1.9656,14.9145,-0.2395,-1.9815,14.8575,-0.3138,-1.9474,14.9726,-0.1726,-1.9768,15.0486,-0.2184,-1.9286,15.0301,-0.1136,-1.9567,15.1004,-0.1587,-1.9137,14.895,-0.1196,-1.9312,14.8318,-0.1854,-1.8768,14.8165,-0.0603,-1.8937,14.7484,-0.1253,-1.9471,14.7692,-0.2582,-1.9096,14.68,-0.1969,-2.0223,14.8957,-0.4467,-1.993,14.8028,-0.395,-2.0247,14.8506,-0.5365,-1.9981,14.7513,-0.4825,-2.0471,14.9857,-0.4923,-2.0473,14.9463,-0.5854,-2.0365,14.9107,-0.6834,-2.0172,14.8091,-0.6313,-1.9947,14.7033,-0.5752,-1.9692,14.5941,-0.5148,-1.9679,14.6497,-0.4234,-1.9342,14.5464,-0.3594,-1.9393,14.4825,-0.4499,-1.9599,14.7083,-0.3376,-1.9235,14.6125,-0.275,-1.8962,14.4421,-0.291,-1.9017,14.3706,-0.3806,-1.897,14.304,-0.4759,-1.8585,14.2619,-0.3073,-1.8543,14.1916,-0.4013,-1.9338,14.4223,-0.5459,-1.8549,14.3373,-0.219,-1.9609,14.5419,-0.6113,-1.9145,14.3681,-0.6463,-1.9813,14.6586,-0.6723,-1.0001,16.5709,-1.6721,-1.2201,16.5849,-1.6375,-1.0962,16.7561,-1.5813,-1.1322,16.4611,-1.6971,-0.9363,16.4151,-1.7349,-1.0672,16.3303,-1.748,-0.8888,16.2687,-1.7819,-1.0175,16.1982,-1.7883,-1.2505,16.3451,-1.7179,-1.19,16.235,-1.7577,-1.3256,16.4432,-1.6739,-1.3373,16.6646,-1.5869,-1.4146,16.5181,-1.633,-1.4248,16.3145,-1.6943,-1.3599,16.2317,-1.7289,-1.5195,16.194,-1.7006,-1.4617,16.1234,-1.7294,-1.5827,16.254,-1.6718,-1.498,16.3821,-1.6607,-1.6491,16.3025,-1.6459,-1.5753,16.4342,-1.6315,-1.6546,16.4723,-1.609,-1.7171,16.3397,-1.6252,-1.7823,16.2033,-1.623,-1.7233,16.1685,-1.6429,-1.6649,16.1252,-1.6668,-1.5075,16.5718,-1.5991,-1.6079,16.0739,-1.693,-1.7388,15.9945,-1.6463,-1.5545,16.0158,-1.7187,-1.3048,16.1381,-1.7605,-1.4113,16.044,-1.7546,-1.507,15.9517,-1.7408,-1.1416,16.1188,-1.7902,-0.9785,16.0657,-1.8186,-1.452,16.7155,-1.5477,-1.4186,16.8636,-1.4777,-1.2765,16.8246,-1.5208,-1.562,16.7468,-1.5201,-1.5454,16.8841,-1.448,-1.6009,16.6083,-1.5741,-1.6697,16.7641,-1.5043,-1.6657,16.892,-1.4314,-1.7772,16.7716,-1.4997,-1.7842,16.8918,-1.4271,-1.6946,16.6315,-1.5591,-1.7892,16.6444,-1.5539,-1.419,17.0107,-1.3919,-1.5561,17.0156,-1.361,-1.6856,17.011,-1.3426,-1.269,16.9946,-1.4324,-1.1236,17.1409,-1.3801,-1.1011,16.9733,-1.4767,-1.2912,17.1459,-1.3373,-0.8975,16.8035,-1.5907,-0.9244,16.9788,-1.5071,-0.7325,16.8246,-1.6018,-0.7572,16.9794,-1.5321,-0.7746,17.1242,-1.4569,-0.948,17.1372,-1.4199,-1.4467,17.1453,-1.2966,-1.3294,17.275,-1.2347,-1.4903,17.2623,-1.1935,-1.5911,17.1355,-1.2631,-1.6407,17.2395,-1.1573,-1.157,17.2819,-1.2775,-1.2005,17.4013,-1.1586,-1.375,17.3789,-1.1204,-1.5359,17.352,-1.0806,-0.7583,16.3231,-1.7731,-0.7242,16.1739,-1.8111,-0.8512,16.1256,-1.8178,-0.6008,16.2071,-1.7982,-0.63,16.3595,-1.7628,-0.7986,16.4756,-1.7254,-0.6629,16.5127,-1.7183,-0.8461,16.6342,-1.6653,-0.6983,16.6678,-1.6646,-0.5843,16.8275,-1.608,-0.5601,16.68,-1.6626,-0.4328,16.677,-1.6511,-0.45,16.817,-1.6017,-0.32,16.6644,-1.6252,-0.3315,16.798,-1.5793,-0.3386,16.9241,-1.5276,-0.4615,16.95,-1.5465,-0.6022,16.9696,-1.5476,-0.5332,16.5301,-1.7104,-0.4127,16.5319,-1.6937,-0.5064,16.3785,-1.7506,-0.4834,16.223,-1.7785,-0.3928,16.3823,-1.7274,-0.3736,16.2307,-1.7529,-0.5774,16.0511,-1.8196,-0.4628,16.0678,-1.7974,-0.6969,16.0237,-1.8372,-0.8219,15.9825,-1.8415,-0.6771,15.8726,-1.846,-0.7996,15.8401,-1.853,-0.5577,15.897,-1.8306,-0.9483,15.9321,-1.8375,-0.4449,15.9138,-1.8084,-0.3559,16.0783,-1.7708,-0.3405,15.9259,-1.7822,-0.2608,16.0847,-1.7388,-0.2482,15.9344,-1.7505,-0.2752,16.2338,-1.7211,-0.5445,15.7457,-1.8303,-0.4331,15.7614,-1.8102,-0.4271,15.6113,-1.8041,-0.3265,15.6226,-1.7805,-0.3304,15.7737,-1.7856,-0.5371,15.5981,-1.8227,-0.2905,16.3809,-1.6965,-0.2019,16.3766,-1.6618,-0.1905,16.2339,-1.6863,-0.2129,16.5153,-1.6303,-0.3058,16.5249,-1.6645,-0.2227,16.6492,-1.592,-0.1262,16.3715,-1.6297,-0.1187,16.2325,-1.6545,-0.0604,16.3674,-1.6069,-0.0567,16.2309,-1.6319,-0.0639,16.4992,-1.5751,-0.1333,16.506,-1.5981,-0.1796,16.0882,-1.7041,-0.1114,16.0898,-1.6723,-0.971,17.2826,-1.3214,-0.7748,17.3805,-1.2848,-0.7833,17.2576,-1.374,-0.9921,17.4311,-1.1945,-0.6116,17.225,-1.4084,-0.6121,17.1027,-1.4813,-0.4656,17.0741,-1.4859,-0.34,17.0413,-1.4707,-0.2349,16.8979,-1.4979,-0.236,17.0108,-1.444,-0.2339,17.1147,-1.3881,-0.3349,17.1482,-1.4099,-0.4604,17.1877,-1.4197,-0.322,17.2429,-1.3479,-0.4441,17.2898,-1.3493,-0.5962,17.3359,-1.3316,-0.5583,17.4345,-1.258,-0.4119,17.3814,-1.2798,-0.5043,17.528,-1.1901,-0.3615,17.4686,-1.2125,-0.2967,17.323,-1.2882,-0.242,17.3903,-1.2281,-0.7202,17.4832,-1.2124,-0.8795,17.5352,-1.1338,-0.2309,17.2062,-1.3345,-0.1485,16.9882,-1.4151,-0.1499,17.0942,-1.3604,-0.1559,17.1955,-1.3068,-0.2301,17.2736,-1.2939,-0.1775,17.2933,-1.2601,-0.08,17.1958,-1.2794,-0.0737,17.084,-1.3371,-0.0992,17.3193,-1.221,-0.0717,16.9747,-1.3927,-0.0705,16.8631,-1.4451,0,16.9701,-1.3842,0,16.8584,-1.4367,0,17.0808,-1.328,-0.147,16.8767,-1.4676,-0.2303,16.7771,-1.5476,-0.144,16.7591,-1.5163,-0.1394,16.6354,-1.5601,-0.0668,16.6258,-1.537,-0.069,16.7471,-1.4934,0,16.7428,-1.485,0,16.6224,-1.5286,-1.1159,17.5283,-1.0394,-0.9937,17.5951,-1.0194,-1.1901,17.5807,-0.8991,-1.2686,17.4839,-1.0225,-1.3243,17.5318,-0.884,-1.2352,17.6051,-0.7664,-1.1148,17.66,-0.7711,-1.0685,17.6376,-0.895,-0.8859,17.6663,-0.984,-0.7845,17.6217,-1.0789,-0.696,17.7079,-1.0241,-0.6515,17.576,-1.1476,-0.5786,17.6691,-1.0872,-0.4428,17.6249,-1.1274,-0.511,17.7677,-1.0317,-0.3872,17.7307,-1.0703,-0.3429,17.8418,-1.018,-0.255,17.6846,-1.0834,-0.2238,17.8055,-1.0293,-0.2994,17.5651,-1.1464,-0.1498,17.4751,-1.1577,-0.1246,17.6353,-1.0772,-0.1086,17.7714,-1.0203,-0.3109,17.9589,-0.9703,-0.2035,17.9306,-0.982,-0.0993,17.9057,-0.9763,-0.4552,17.8728,-0.9814,-0.6173,17.7999,-0.9715,-0.5531,17.8999,-0.924,-0.6339,17.9244,-0.8513,-0.7027,17.829,-0.8942,-0.7878,17.7433,-0.9402,-0.4136,17.9846,-0.9366,-0.5051,18.0078,-0.8834,-0.9564,17.7002,-0.8746,-0.8548,17.7707,-0.8425,-0.8133,17.8661,-0.7089,-0.7677,17.8521,-0.8048,-0.9,17.7866,-0.7393,-1.002,17.7192,-0.7615,-1.0262,17.7204,-0.6513,-0.9249,17.7879,-0.6366,-1.1386,17.6616,-0.6531,-0.8393,17.8682,-0.6115,-0.7766,17.9492,-0.488,-0.7694,17.9593,-0.5811,-0.8465,17.8565,-0.5173,-0.9313,17.7732,-0.5391,-0.7432,17.9569,-0.6759,-0.6975,17.9443,-0.7673,-0.6436,18.0455,-0.7337,-0.5822,18.0286,-0.8145,-0.6882,18.0563,-0.6445,-1.2579,17.6052,-0.6422,-1.2605,17.5802,-0.5291,-1.1431,17.6404,-0.5446,-1.2461,17.535,-0.4292,-1.132,17.6014,-0.4481,-1.0316,17.7024,-0.5486,-1.0226,17.6696,-0.4557,-0.9242,17.7459,-0.4492,-1.0025,17.6298,-0.3716,-0.9075,17.7109,-0.3659,-0.8263,17.7997,-0.3464,-0.8405,17.8327,-0.4292,-0.772,17.9275,-0.4004,-0.7609,17.8965,-0.3168,-0.8815,17.6708,-0.2874,-0.8045,17.7586,-0.2657,-0.7726,17.706,-0.1859,-0.8442,17.6249,-0.2122,-0.9713,17.588,-0.2943,-0.927,17.5448,-0.2223,-1.1076,17.5544,-0.363,-1.2161,17.4809,-0.3424,-1.3222,17.4089,-0.3125,-1.3593,17.4677,-0.4023,-1.3796,17.5181,-0.5053,-1.0698,17.5079,-0.2868,-1.1706,17.4288,-0.2664,-1.3813,17.5485,-0.6215,-1.5055,17.4896,-0.5953,-1.4959,17.453,-0.4774,-1.4677,17.3997,-0.3714,-1.4236,17.3409,-0.2772,-1.5206,17.2777,-0.2405,-1.571,17.3327,-0.3395,-1.6154,17.2166,-0.2044,-1.6721,17.268,-0.306,-1.6071,17.3854,-0.4482,-1.7155,17.3183,-0.4165,-1.3635,17.2873,-0.1934,-1.2688,17.3537,-0.234,-1.1986,17.3096,-0.1637,-1.1087,17.3843,-0.1982,-1.2866,17.2463,-0.1181,-1.4548,17.2285,-0.151,-1.5433,17.1703,-0.1118,-1.3709,17.1921,-0.0711,-1.4523,17.1353,-0.0297,-1.6267,17.4265,-0.5667,-1.626,17.4461,-0.6944,-1.4939,17.501,-0.7237,-1.7449,17.3609,-0.5352,-1.7562,17.3865,-0.6619,-1.8615,17.2916,-0.5002,-1.8253,17.2513,-0.381,-1.882,17.3186,-0.6266,-1.3625,17.5528,-0.7489,-1.4645,17.4867,-0.8578,-1.6069,17.4406,-0.8264,-1.7479,17.3886,-0.7925,-1.7241,17.3665,-0.9215,-1.5757,17.4103,-0.9569,-1.423,17.4474,-0.9921,-2.4629,15.6568,-1.4877,-2.4457,15.77,-1.5063,-2.3522,15.6603,-1.4318,-2.3737,15.5762,-1.4269,-2.478,15.5665,-1.4898,-2.3904,15.4957,-1.4323,-2.3004,15.4947,-1.3506,-2.3171,15.424,-1.3583,-2.4986,15.4829,-1.5046,-2.4099,15.4173,-1.4469,-2.5764,15.6274,-1.5252,-2.5965,15.5439,-1.5411,-2.6817,15.6793,-1.538,-2.7007,15.5979,-1.5532,-2.7864,15.7259,-1.5292,-2.6707,15.7605,-1.5363,-2.7738,15.8073,-1.531,-2.8702,15.8515,-1.5033,-2.8856,15.7654,-1.4975,-2.9317,15.9887,-1.4666,-2.8496,15.9425,-1.5188,-2.958,15.8879,-1.451,-2.8915,16.095,-1.4826,-2.8166,16.0386,-1.5369,-2.8343,16.2032,-1.4955,-2.7669,16.1373,-1.5521,-2.7361,15.9776,-1.5663,-2.7598,15.8909,-1.5457,-2.6966,16.0652,-1.5843,-3.0042,16.0271,-1.3912,-2.9582,16.1434,-1.4061,-3.0359,15.9153,-1.3757,-2.6627,15.8428,-1.5496,-2.9758,15.7943,-1.4417,-2.9933,15.7059,-1.4447,-2.9034,15.6815,-1.5056,-2.9285,15.5954,-1.527,-3.0166,15.6193,-1.4622,-2.8046,15.6446,-1.5416,-2.8317,15.5593,-1.5665,-3.0553,15.8129,-1.3632,-3.0732,15.7195,-1.3617,-2.7295,15.5127,-1.5796,-2.6265,15.4585,-1.5666,-2.5278,15.3991,-1.5281,-2.4371,15.3378,-1.4676,-2.7689,15.4203,-1.611,-2.6667,15.3671,-1.5967,-2.5669,15.3105,-1.5554,-2.8174,15.3192,-1.6414,-2.7157,15.2674,-1.6261,-2.6146,15.2142,-1.5829,-2.8692,15.467,-1.5974,-2.5649,15.7128,-1.5223,-2.5607,15.8033,-1.537,-2.5715,15.8911,-1.5665,-2.653,15.9238,-1.573,-2.6294,15.9984,-1.5939,-2.5778,15.9541,-1.5883,-2.5771,16.066,-1.6061,-2.5272,15.9852,-1.5927,-2.6363,16.1513,-1.5968,-2.4902,15.895,-1.5591,-2.3354,15.3523,-1.3717,-2.265,15.3598,-1.2694,-2.2816,15.294,-1.2813,-2.3592,15.2782,-1.3894,-2.3328,15.1514,-1.3089,-2.3925,15.1998,-1.4082,-2.3036,15.2249,-1.2946,-2.3006,15.1118,-1.1984,-2.2727,15.182,-1.1892,-2.2504,15.2471,-1.1796,-2.2326,15.3076,-1.1702,-2.2171,15.3633,-1.1617,-2.2499,15.4221,-1.2602,-2.2555,15.1464,-1.0794,-2.2314,15.2086,-1.0725,-2.2124,15.2658,-1.0652,-2.2863,15.0785,-1.0851,-2.3244,15.0032,-1.089,-2.3351,15.0346,-1.2073,-2.3697,14.9186,-1.0919,-2.3789,14.9475,-1.2145,-2.3741,14.8913,-0.9739,-2.3247,14.9752,-0.9726,-2.2839,15.0499,-0.9697,-2.3712,15.0707,-1.3224,-2.2507,15.1172,-0.9656,-2.29,15.0255,-0.8527,-2.2533,15.0938,-0.8497,-2.2236,15.1556,-0.8464,-2.224,15.1784,-0.9606,-2.519,15.1622,-1.5145,-2.4347,15.1138,-1.4265,-2.4736,15.2539,-1.4912,-2.5715,15.0608,-1.5351,-2.4852,15.0172,-1.4422,-2.6296,14.9506,-1.551,-2.5423,14.9093,-1.4542,-2.6066,14.7938,-1.4619,-2.6919,14.8351,-1.5648,-2.4749,14.8747,-1.341,-2.5394,14.7596,-1.3442,-2.4185,14.9794,-1.3335,-2.6688,15.1091,-1.6063,-2.7273,14.9974,-1.6267,-2.2805,15.5651,-1.349,-2.3141,15.7334,-1.4406,-2.2497,15.6368,-1.3543,-2.2111,15.5264,-1.2467,-2.2329,15.4793,-1.2535,-2.1853,15.4527,-1.146,-2.2019,15.4127,-1.154,-2.1549,15.4288,-1.0376,-2.1685,15.4009,-1.0444,-2.1675,15.4786,-1.1357,-2.1824,15.3633,-1.0512,-2.1577,15.3653,-0.9405,-2.1707,15.3283,-0.9452,-2.1966,15.3177,-1.058,-2.2027,15.234,-0.9553,-2.1853,15.2842,-0.9501,-2.1648,15.3063,-0.8369,-2.1516,15.3441,-0.8342,-2.164,15.2964,-0.7268,-2.1494,15.336,-0.7261,-2.1806,15.2619,-0.8398,-2.1816,15.2503,-0.7279,-2.1514,15.3402,-0.6169,-2.1683,15.298,-0.6159,-2.1374,15.3684,-0.7257,-2.1374,15.3752,-0.6182,-2.1404,15.3745,-0.832,-2.146,15.3943,-0.9362,-2.151,15.494,-1.127,-2.1622,15.5557,-1.2168,-2.1849,15.5461,-1.2299,-2.2037,15.6311,-1.3178,-2.1733,15.6301,-1.2993,-2.1429,15.5583,-1.2093,-2.1489,15.6276,-1.2905,-2.1792,15.7136,-1.3695,-2.2103,15.7202,-1.3845,-2.2451,15.7398,-1.4124,-2.2827,15.8055,-1.4639,-2.321,15.893,-1.5179,-2.3737,15.8341,-1.5081,-2.3557,15.9918,-1.5668,-2.4195,15.9392,-1.5607,-2.3891,16.0963,-1.6055,-2.4606,16.038,-1.5993,-2.4273,16.2058,-1.6254,-2.5071,16.1365,-1.6158,-2.4721,16.3124,-1.6143,-2.5597,16.2347,-1.6059,-2.5211,16.4097,-1.5763,-2.6154,16.3264,-1.5697,-2.6986,16.2347,-1.5624,-2.3418,16.2672,-1.6291,-2.3155,16.1494,-1.6093,-2.3764,16.3819,-1.6227,-2.273,15.9395,-1.5272,-2.2939,16.0389,-1.5725,-2.2243,15.9703,-1.5312,-2.2322,16.0754,-1.5749,-2.2406,16.1926,-1.6111,-2.1748,15.9893,-1.532,-2.1709,16.1011,-1.5749,-2.2524,15.8557,-1.4807,-2.2166,15.8784,-1.484,-2.1774,15.8893,-1.4832,-2.2364,15.7983,-1.4439,0.1246,17.6353,-1.0772,0.2994,17.5651,-1.1464,0.1498,17.4751,-1.1577,0.255,17.6846,-1.0834,0.3429,17.8418,-1.018,0.3872,17.7307,-1.0703,0.2238,17.8055,-1.0293,0.2035,17.9306,-0.982,0.3109,17.9589,-0.9703,0.1086,17.7714,-1.0204,0.0993,17.9057,-0.9763,0,17.4707,-1.1389,0,17.6202,-1.0667,0,17.7578,-1.0113,0,17.8954,-0.9696,0,18.0348,-0.931,0.0939,18.0425,-0.9365,0,18.1738,-0.8933,0.0907,18.1795,-0.8995,0.1829,18.1928,-0.9045,0.089,18.3156,-0.8714,0.1786,18.3249,-0.8785,0,18.3117,-0.8637,0.1908,18.0606,-0.9402,-0.0939,18.0425,-0.9365,-0.0907,18.1795,-0.8995,-0.1908,18.0606,-0.9402,-0.1829,18.1928,-0.9045,0,17.3231,-1.2059,0.0992,17.3193,-1.221,0.0801,17.1958,-1.2794,0,17.1956,-1.2684,0.1499,17.0942,-1.3604,0.1559,17.1955,-1.3067,0.0737,17.084,-1.3371,0.1775,17.2933,-1.2601,0.242,17.3903,-1.2281,0.2301,17.2736,-1.2939,0.2967,17.323,-1.2882,0.3615,17.4686,-1.2125,0.4119,17.3815,-1.2798,0.2895,18.082,-0.9289,0.3849,18.1027,-0.8987,0.2759,18.2087,-0.8952,0.3658,18.225,-0.8679,0.4136,17.9846,-0.9366,0.4553,17.8728,-0.9814,0.511,17.7677,-1.0317,0.5531,17.8999,-0.924,0.6173,17.8,-0.9715,0.6339,17.9244,-0.8513,0.7027,17.8291,-0.8943,0.6975,17.9443,-0.7673,0.7677,17.8522,-0.8049,0.696,17.7079,-1.0242,0.7878,17.7433,-0.9403,0.8548,17.7707,-0.8425,0.5821,18.0286,-0.8145,0.5051,18.0078,-0.8834,0.5442,18.1396,-0.7837,0.4712,18.1222,-0.8497,0.5786,17.6691,-1.0872,0.6515,17.576,-1.1476,0.5043,17.528,-1.1901,0.4428,17.6249,-1.1275,0.7845,17.6217,-1.0789,0.4473,18.2409,-0.8218,0.268,18.3365,-0.8712,0.3538,18.3491,-0.8457,0.2658,18.4641,-0.863,0.3499,18.4735,-0.8378,0.1778,18.456,-0.87,0.1806,18.584,-0.8846,0.2695,18.5893,-0.8749,0.0889,18.4503,-0.8632,0.0904,18.581,-0.882,0.3544,18.5962,-0.8483,0.2795,18.7094,-0.9103,0.3677,18.7143,-0.881,0.1874,18.706,-0.924,0.4315,18.3619,-0.8011,0.516,18.2554,-0.7577,0.4973,18.3744,-0.7385,0.426,18.4838,-0.7935,0.4918,18.4946,-0.7321,0.971,17.2826,-1.3214,0.7833,17.2576,-1.374,0.7748,17.3805,-1.2848,0.9921,17.4311,-1.1945,0.6121,17.1027,-1.4813,0.6116,17.225,-1.4085,0.7746,17.1242,-1.4569,0.6022,16.9696,-1.5476,0.4615,16.95,-1.5466,0.4656,17.0741,-1.4859,0.5843,16.8275,-1.6081,0.7325,16.8246,-1.6018,0.7572,16.9794,-1.5321,0.5601,16.6801,-1.6626,0.4328,16.677,-1.6511,0.45,16.817,-1.6017,0.5332,16.5301,-1.7104,0.4127,16.5319,-1.693